200,'4653',634,,579,12,,,0,77,,580,12,,,0,118,,583,12,,,0,85,,584,12,,,0,120,,585,12,,,0,80,,586,12,,,0,120,,588,12,,,0,80,,589,12,,,0,120,,591,12,,,0,85,,592,12,,,0,116,,594,12,,,0,79,,595,12,,,0
200,'5392',749,,582,12,,,0,205,,581,12,,,0,200,,587,12,,,0,200,,590,12,,,0,204,,593,12,,,0,196,,596,12,,,0
200,'5393',749,,681,12,,,0,205,,680,12,,,0,200,,682,12,,,0,200,,683,12,,,0,204,,684,12,,,0,196,,685,12,,,0
200,'5394',839,,597,12,,,0,80,,598,12,,,0,40,,599,12,,,0,80,,600,12,,,0,80,,601,12,,,0,40,,602,12,,,0,80,,603,12,,,0,80,,604,12,,,0,40,,605,12,,,0,80,,606,12,,,0,80,,607,12,,,0,40,,608,12,,,0,80,,609,12,,,0,80,,610,12,,,0,40,,611,12,,,0,80,,612,12,,,0
300,'4653',744,,617,8,0,7,0,80,,618,8,0,7,0,125,,620,8,0,7,0,80,,621,8,0,7,0,120,,623,8,0,7,0,80,,624,8,0,7,0,120,,626,8,0,7,0,80,,628,8,0,7,0,124,,616,8,0,7,0,77,,615,8,0,7,0,119,,613,8,0,7,0,80,,630,8,0,7,0
300,'5392',706,,629,8,0,7,0,203,,619,8,0,7,0,200,,622,8,0,7,0,200,,625,8,0,7,0,212,,627,8,0,7,0,188,,614,8,0,7,0
300,'5393',706,,691,8,0,7,0,203,,687,8,0,7,0,200,,688,8,0,7,0,200,,689,8,0,7,0,212,,690,8,0,7,0,188,,686,8,0,7,0
300,'5394',834,,631,8,0,7,0,80,,632,8,0,7,0,40,,633,8,0,7,0,80,,634,8,0,7,0,80,,635,8,0,7,0,40,,636,8,0,7,0,80,,637,8,0,7,0,80,,638,8,0,7,0,40,,639,8,0,7,0,80,,640,8,0,7,0,80,,641,8,0,7,0,40,,642,8,0,7,0,80,,643,8,0,7,0,80,,644,8,0,7,0,40,,645,8,0,7,0
400,'5392',1904,,646,12,,,0,120,,647,12,,,0,119,,648,12,,,0
400,'5393',1904,,692,12,,,0,120,,693,12,,,0,119,,694,12,,,0
400,'5394',1904,,651,12,,,0,120,,649,12,,,0,119,,650,12,,,0
400,'5395',938,,652,12,,,0,120,,653,12,,,0,160,,654,12,,,0,120,,655,12,,,0,120,,656,12,,,0,160,,657,12,,,0,120,,658,12,,,0,120,,659,12,,,0
