200,'4653',700,,579,47,,,0,37,,580,47,,,0,118,,583,47,,,0,85,,584,47,,,0,160,,585,47,,,0,40,,586,47,,,0,160,,588,47,,,0,40,,589,47,,,0,160,,591,47,,,0,45,,592,47,,,0,156,,594,47,,,0,39,,595,47,,,0
200,'5392',815,,582,47,,,0,205,,581,47,,,0,200,,587,47,,,0,200,,590,47,,,0,204,,593,47,,,0,196,,596,47,,,0
200,'5393',815,,681,47,,,0,205,,680,47,,,0,200,,682,47,,,0,200,,683,47,,,0,204,,684,47,,,0,196,,685,47,,,0
200,'5394',905,,597,47,,,0,40,,598,47,,,0,80,,599,47,,,0,80,,600,47,,,0,40,,601,47,,,0,80,,602,47,,,0,80,,603,47,,,0,40,,604,47,,,0,80,,605,47,,,0,80,,606,47,,,0,40,,607,47,,,0,80,,608,47,,,0,80,,609,47,,,0,40,,610,47,,,0,80,,611,47,,,0,80,,612,47,,,0
300,'4653',807,,617,44,,,0,40,,618,44,,,0,165,,620,44,,,0,40,,621,44,,,0,160,,623,44,,,0,40,,624,44,,,0,160,,626,44,,,0,40,,628,44,,,0,164,,616,44,,,0,37,,615,44,,,0,159,,613,44,,,0,40,,630,44,,,0
300,'5392',729,,629,44,,,0,203,,619,44,,,0,200,,622,44,,,0,200,,625,44,,,0,212,,627,44,,,0,188,,614,44,,,0
300,'5393',729,,691,44,,,0,203,,687,44,,,0,200,,688,44,,,0,200,,689,44,,,0,212,,690,44,,,0,188,,686,44,,,0
300,'5394',857,,631,44,,,0,80,,632,44,,,0,80,,633,44,,,0,40,,634,44,,,0,80,,635,44,,,0,80,,636,44,,,0,40,,637,44,,,0,80,,638,44,,,0,80,,639,44,,,0,40,,640,44,,,0,80,,641,44,,,0,80,,642,44,,,0,40,,643,44,,,0,80,,644,44,,,0,80,,645,44,,,0
400,'5392',1942,,646,71,,,0,160,,647,71,,,0,119,,648,71,,,0
400,'5393',1942,,692,71,,,0,160,,693,71,,,0,119,,694,71,,,0
400,'5394',1942,,651,71,,,0,160,,649,71,,,0,119,,650,71,,,0
400,'5395',1016,,652,71,,,0,120,,653,71,,,0,120,,654,71,,,0,160,,655,71,,,0,120,,656,71,,,0,120,,657,71,,,0,160,,658,71,,,0,120,,659,71,,,0
