101,111794,1,0,0
101,111751,2,0,0
101,111752,3,0,0
101,111753,4,0,0
101,111754,5,0,0
101,111755,6,0,0
101,111756,7,0,0
101,111757,8,0,0
101,111758,9,0,0
101,111759,10,0,0
101,111760,11,0,0
101,111761,12,0,0
101,114007,13,0,0
101,111762,14,0,0
101,111763,15,0,0
101,111764,16,0,0
101,111765,17,0,0
101,111766,18,0,0
101,114001,19,0,0
101,111768,20,0,0
101,111769,21,0,0
101,114002,22,0,0
101,111771,23,0,0
101,111772,24,0,0
101,111773,25,0,0
101,111892,26,0,0
101,111774,27,0,0
101,111775,28,0,0
101,111776,29,0,0
101,111777,30,0,0
101,111778,31,0,0
101,111779,32,0,0
101,111891,33,0,0
101,111781,34,0,0
101,111782,35,0,0
101,111783,36,0,0
101,114003,37,0,0
101,111780,38,0,0
101,111784,39,0,0
101,111785,40,0,0
101,111786,41,0,0
101,111787,42,0,0
101,111788,43,0,0
101,111789,44,0,0
101,111893,45,0,0
101,111790,46,0,0
101,111791,47,0,0
101,111792,48,0,0
101,111793,49,0,0
200,111794,1,0,0
200,111795,2,0,0
200,111796,3,0,0
200,111797,4,0,0
200,111798,5,0,0
200,111799,6,0,0
200,111800,7,0,0
200,111801,8,0,0
200,111802,9,0,0
200,111803,10,0,0
200,111804,11,0,0
200,111806,12,0,0
200,111807,13,0,0
200,111808,14,0,0
200,111809,15,0,0
200,111810,16,0,0
200,111811,17,0,0
200,111812,18,0,0
200,111813,19,0,0
200,111814,20,0,0
200,111815,21,0,0
200,111816,22,0,0
200,114006,23,0,0
200,111818,24,0,0
200,111819,25,0,0
200,111820,26,0,0
200,111821,27,0,0
200,111822,28,0,0
200,111823,29,0,0
200,111824,30,0,0
200,111825,31,0,0
200,111826,32,0,0
200,111827,33,0,0
200,111885,34,0,0
200,111829,35,0,0
200,111830,36,0,0
200,111831,37,0,0
200,111832,38,0,0
200,111833,39,0,0
200,111834,40,0,0
200,111835,41,0,0
200,111836,42,0,0
200,111837,43,0,0
200,114004,44,0,0
200,111838,45,0,0
200,111839,46,0,0
200,114000,47,0,0
300,111794,1,0,0
300,111795,2,0,0
300,111796,3,0,0
300,111841,4,0,0
300,111842,5,0,0
300,111803,6,0,0
300,111804,7,0,0
300,111806,8,0,0
300,111807,9,0,0
300,111808,10,0,0
300,114005,11,0,0
300,111843,12,0,0
300,111844,13,0,0
300,111845,14,0,0
300,111846,15,0,0
300,111847,16,0,0
300,111848,17,0,0
300,111849,18,0,0
300,111850,19,0,0
300,111851,20,0,0
300,111852,21,0,0
300,111853,22,0,0
300,111854,23,0,0
300,111855,24,0,0
300,111856,25,0,0
300,111857,26,0,0
300,111858,27,0,0
300,111859,28,0,0
300,111860,29,0,0
300,111861,30,0,0
300,111862,31,0,0
300,111863,32,0,0
300,111864,33,0,0
300,111865,34,0,0
300,111866,35,0,0
300,111829,36,0,0
300,111830,37,0,0
300,111831,38,0,0
300,111832,39,0,0
300,111833,40,0,0
300,111888,41,0,0
300,111887,42,0,0
300,111840,43,0,0
300,114000,44,0,0
400,111794,1,0,0
400,111795,2,0,0
400,111796,3,0,0
400,111841,4,0,0
400,111798,5,0,0
400,111799,6,0,0
400,111800,7,0,0
400,111801,8,0,0
400,111802,9,0,0
400,111803,10,0,0
400,111804,11,0,0
400,111806,12,0,0
400,111807,13,0,0
400,111808,14,0,0
400,111809,15,0,0
400,111810,16,0,0
400,111811,17,0,0
400,111812,18,0,0
400,111813,19,0,0
400,111814,20,0,0
400,111815,21,0,0
400,111816,22,0,0
400,114006,23,0,0
400,111818,24,0,0
400,111819,25,0,0
400,111820,26,0,0
400,111821,27,0,0
400,111822,28,0,0
400,111823,29,0,0
400,111824,30,0,0
400,111825,31,0,0
400,111826,32,0,0
400,111889,33,0,0
400,111890,34,0,0
400,111843,35,0,0
400,111844,36,0,0
400,111845,37,0,0
400,111846,38,0,0
400,111847,39,0,0
400,111848,40,0,0
400,111849,41,0,0
400,111850,42,0,0
400,111851,43,0,0
400,111852,44,0,0
400,111853,45,0,0
400,111854,46,0,0
400,111855,47,0,0
400,111856,48,0,0
400,111857,49,0,0
400,111858,50,0,0
400,111859,51,0,0
400,111860,52,0,0
400,111861,53,0,0
400,111862,54,0,0
400,111863,55,0,0
400,111864,56,0,0
400,111865,57,0,0
400,111866,58,0,0
400,111829,59,0,0
400,111830,60,0,0
400,111831,61,0,0
400,111832,62,0,0
400,111833,63,0,0
400,111834,64,0,0
400,111835,65,0,0
400,111836,66,0,0
400,111837,67,0,0
400,114004,68,0,0
400,111838,69,0,0
400,111840,70,0,0
400,114000,71,0,0
401,111794,1,0,0
401,111751,2,0,0
401,111752,3,0,0
401,111753,4,0,0
401,111754,5,0,0
401,111867,6,0,0
401,111868,7,0,0
401,111869,8,0,0
401,111870,9,0,0
401,111871,10,0,0
401,111760,11,0,0
401,111761,12,0,0
401,111872,13,0,0
401,111873,14,0,0
401,111781,15,0,0
401,111782,16,0,0
401,111783,17,0,0
401,114003,18,0,0
401,111780,19,0,0
401,111784,20,0,0
401,111875,21,0,0
401,111876,22,0,0
401,111877,23,0,0
401,111878,24,0,0
401,111879,25,0,0
401,111880,26,0,0
401,111769,27,0,0
401,114002,28,0,0
401,111881,29,0,0
401,111882,30,0,0
401,111883,31,0,0
401,111884,32,0,0
401,111787,33,0,0
401,111788,34,0,0
401,111789,35,0,0
401,111893,36,0,0
401,111790,37,0,0
401,111791,38,0,0
401,111792,39,0,0
401,111793,40,0,0
