200,'4653',627,,579,3,,,0,77,,580,3,,,0,118,,583,3,,,0,85,,584,3,,,0,120,,585,3,,,0,80,,586,3,,,0,120,,588,3,,,0,80,,589,3,,,0,120,,591,3,,,0,85,,592,3,,,0,116,,594,3,,,0,79,,595,3,,,0
200,'5392',742,,582,3,,,0,205,,581,3,,,0,200,,587,3,,,0,200,,590,3,,,0,204,,593,3,,,0,196,,596,3,,,0
200,'5393',742,,681,3,,,0,205,,680,3,,,0,200,,682,3,,,0,200,,683,3,,,0,204,,684,3,,,0,196,,685,3,,,0
200,'5394',832,,597,3,,,0,80,,598,3,,,0,40,,599,3,,,0,80,,600,3,,,0,80,,601,3,,,0,40,,602,3,,,0,80,,603,3,,,0,80,,604,3,,,0,40,,605,3,,,0,80,,606,3,,,0,80,,607,3,,,0,40,,608,3,,,0,80,,609,3,,,0,80,,610,3,,,0,40,,611,3,,,0,80,,612,3,,,0
300,'4653',741,,617,3,0,7,0,80,,618,3,0,7,0,125,,620,3,0,7,0,80,,621,3,0,7,0,120,,623,3,0,7,0,80,,624,3,0,7,0,120,,626,3,0,7,0,80,,628,3,0,7,0,124,,616,3,0,7,0,77,,615,3,0,7,0,119,,613,3,0,7,0,80,,630,3,0,7,0
300,'5392',703,,629,3,0,7,0,203,,619,3,0,7,0,200,,622,3,0,7,0,200,,625,3,0,7,0,212,,627,3,0,7,0,188,,614,3,0,7,0
300,'5393',703,,691,3,0,7,0,203,,687,3,0,7,0,200,,688,3,0,7,0,200,,689,3,0,7,0,212,,690,3,0,7,0,188,,686,3,0,7,0
300,'5394',831,,631,3,0,7,0,80,,632,3,0,7,0,40,,633,3,0,7,0,80,,634,3,0,7,0,80,,635,3,0,7,0,40,,636,3,0,7,0,80,,637,3,0,7,0,80,,638,3,0,7,0,40,,639,3,0,7,0,80,,640,3,0,7,0,80,,641,3,0,7,0,40,,642,3,0,7,0,80,,643,3,0,7,0,80,,644,3,0,7,0,40,,645,3,0,7,0
400,'5392',1858,,646,3,,,0,160,,647,3,,,0,119,,648,3,,,0
400,'5393',1858,,692,3,,,0,160,,693,3,,,0,119,,694,3,,,0
400,'5394',1858,,651,3,,,0,160,,649,3,,,0,119,,650,3,,,0
400,'5395',932,,652,3,,,0,120,,653,3,,,0,160,,654,3,,,0,120,,655,3,,,0,120,,656,3,,,0,160,,657,3,,,0,120,,658,3,,,0,120,,659,3,,,0
