101,'4528',625,,546,1,,,0,77,,547,1,,,0,37,,547,50,4,,0,1,,548,1,,,0,77,,548,50,4,,0,3,,549,1,,,0,37,,549,50,4,,0,48,,550,1,,,0,37,,550,50,4,,0,3,,551,1,,,0,77,,551,50,4,,0,3,,552,1,,,0,77,,552,50,4,,0,3,,553,1,,,0,37,,553,50,4,,0,3,,554,1,,,0,77,,554,50,4,,0,3,,555,1,,,0,77,,555,50,4,,0,3,,556,1,,,0,37,,556,50,4,,0,3,,557,1,,,0,77,,557,50,4,,0,3,,558,1,,,0,77,,558,50,4,,0,8,,559,1,,,0,37,,559,50,4,,0,2,,560,1,,,0,77,,560,50,4,,0,77,,561,50,4,,0,2,,562,1,,,0,37,,562,50,4,,0,3,,563,1,,,0,77,,563,50,4,,0
101,'4532',830,,578,1,,,0,77,,578,50,4,,0,3,,564,1,,,0,37,,564,50,4,,0,3,,565,1,,,0,77,,565,50,4,,0,3,,566,1,,,0,77,,566,50,4,,0,3,,567,1,,,0,37,,567,50,4,,0,3,,568,1,,,0,77,,568,50,4,,0,3,,569,1,,,0,77,,569,50,4,,0,3,,570,1,,,0,37,,570,50,4,,0,3,,571,1,,,0,77,,571,50,4,,0,3,,572,1,,,0,77,,572,50,4,,0,3,,573,1,,,0,37,,573,50,4,,0,3,,574,1,,,0,77,,574,50,4,,0,3,,575,1,,,0,77,,575,50,4,,0,3,,576,1,,,0,37,,576,50,4,,0,3,,577,1,,,0,77,,577,50,4,,0
200,'4528',625,,579,1,,,0,76,,579,48,4,,0,1,,580,1,,,0,36,,580,48,4,,0,2,,582,1,,,0,76,,582,48,4,,0,4,,583,1,,,0,36,,583,48,4,,0,49,,584,1,,,0,36,,584,48,4,,0,4,,581,1,,,0,76,,581,48,4,,0,4,,585,1,,,0,76,,585,48,4,,0,4,,586,1,,,0,36,,586,48,4,,0,4,,587,1,,,0,76,,587,48,4,,0,4,,588,1,,,0,76,,588,48,4,,0,4,,589,1,,,0,36,,589,48,4,,0,4,,590,1,,,0,76,,590,48,4,,0,4,,591,1,,,0,76,,591,48,4,,0,9,,592,1,,,0,36,,592,48,4,,0,3,,593,1,,,0,76,,593,48,4,,0,1,,594,1,,,0,76,,594,48,4,,0,3,,595,1,,,0,36,,595,48,4,,0,4,,596,1,,,0,76,,596,48,4,,0
200,'4532',830,,597,1,,,0,76,,597,48,4,,0,4,,598,1,,,0,36,,598,48,4,,0,4,,599,1,,,0,76,,599,48,4,,0,4,,600,1,,,0,76,,600,48,4,,0,4,,601,1,,,0,36,,601,48,4,,0,4,,602,1,,,0,76,,602,48,4,,0,4,,603,1,,,0,76,,603,48,4,,0,4,,604,1,,,0,36,,604,48,4,,0,4,,605,1,,,0,76,,605,48,4,,0,4,,606,1,,,0,76,,606,48,4,,0,4,,607,1,,,0,36,,607,48,4,,0,4,,608,1,,,0,76,,608,48,4,,0,4,,609,1,,,0,76,,609,48,4,,0,4,,610,1,,,0,36,,610,48,4,,0,4,,611,1,,,0,76,,611,48,4,,0,4,,612,1,,,0,76,,612,48,4,,0
300,'4528',702,,629,1,0,7,0,28,,629,45,4,,0,10,,617,1,0,7,0,68,,617,45,4,,0,12,,618,1,0,7,0,28,,618,45,4,,0,57,,619,1,0,7,0,28,,619,45,4,,0,12,,620,1,0,7,0,68,,620,45,4,,0,12,,621,1,0,7,0,28,,621,45,4,,0,52,,622,1,0,7,0,28,,622,45,4,,0,12,,623,1,0,7,0,68,,623,45,4,,0,12,,624,1,0,7,0,28,,624,45,4,,0,52,,625,1,0,7,0,28,,625,45,4,,0,12,,626,1,0,7,0,68,,626,45,4,,0,12,,628,1,0,7,0,28,,628,45,4,,0,64,,627,1,0,7,0,28,,627,45,4,,0,4,,616,1,0,7,0,68,,616,45,4,,0,9,,615,1,0,7,0,28,,615,45,4,,0,51,,614,1,0,7,0,28,,614,45,4,,0,12,,613,1,0,7,0,68,,613,45,4,,0,12,,630,1,0,7,0,28,,630,45,4,,0
300,'4532',830,,631,1,0,7,0,28,,631,45,4,,0,52,,632,1,0,7,0,28,,632,45,4,,0,12,,633,1,0,7,0,68,,633,45,4,,0,12,,634,1,0,7,0,28,,634,45,4,,0,52,,635,1,0,7,0,28,,635,45,4,,0,12,,636,1,0,7,0,68,,636,45,4,,0,12,,637,1,0,7,0,28,,637,45,4,,0,52,,638,1,0,7,0,28,,638,45,4,,0,12,,639,1,0,7,0,68,,639,45,4,,0,12,,640,1,0,7,0,28,,640,45,4,,0,52,,641,1,0,7,0,28,,641,45,4,,0,12,,642,1,0,7,0,68,,642,45,4,,0,12,,643,1,0,7,0,28,,643,45,4,,0,52,,644,1,0,7,0,28,,644,45,4,,0,12,,645,1,0,7,0,68,,645,45,4,,0
400,'4528',1856,,646,1,,,0,87,,646,72,4,,0,73,,647,1,,,0,87,,647,72,4,,0,32,,648,1,,,0,87,,648,72,4,,0
400,'4532',1856,,651,1,,,0,87,,651,72,4,,0,73,,649,1,,,0,87,,649,72,4,,0,32,,650,1,,,0,87,,650,72,4,,0
400,'4533',930,,652,1,,,0,87,,652,72,4,,0,33,,653,1,,,0,87,,653,72,4,,0,73,,654,1,,,0,47,,654,72,4,,0,73,,655,1,,,0,87,,655,72,4,,0,33,,656,1,,,0,87,,656,72,4,,0,73,,657,1,,,0,47,,657,72,4,,0,73,,658,1,,,0,87,,658,72,4,,0,33,,659,1,,,0,87,,659,72,4,,0
401,'4528',1830,,662,1,,,0,26,,662,41,4,,0,89,,661,1,,,0,66,,661,41,4,,0,94,,660,1,,,0,26,,660,41,4,,0
401,'4532',1830,,665,1,,,0,26,,665,41,4,,0,89,,664,1,,,0,66,,664,41,4,,0,94,,663,1,,,0,26,,663,41,4,,0
401,'4533',900,,666,1,,,0,26,,666,41,4,,0,94,,667,1,,,0,26,,667,41,4,,0,94,,668,1,,,0,66,,668,41,4,,0,94,,669,1,,,0,26,,669,41,4,,0,94,,670,1,,,0,26,,670,41,4,,0,94,,671,1,,,0,66,,671,41,4,,0,94,,672,1,,,0,26,,672,41,4,,0,94,,673,1,,,0,26,,673,41,4,,0
