1,101,'4653',674,547,548,675,550,551,676,553,554,677,556,557,678,559,560,679,562,563
1,101,'5394',564,565,566,567,568,569,570,571,572,573,574,575,576,577,578
2,200,'4653',579,580,680,681,583,584,585,586,682,588,589,683,591,592,684,594,595,685
2,200,'5394',597,598,599,600,601,602,603,604,605,606,607,608,609,610,611,612
3,300,'4653',613,686,615,616,617,618,687,620,621,688,623,624,689,626,690,628,691,630
3,300,'5394',631,632,633,634,635,636,637,638,639,640,641,642,643,644,645
4,400,'4653',692,693,694
4,400,'5394',649,650,651
4,400,'5395',652,653,654,655,656,657,658,659
4,401,'4653',695,696,697
4,401,'5394',663,664,665
4,401,'5395',666,667,668,669,670,671,672,673
